$ANSIBLE_VAULT;1.1;AES256
64616264363830363662306561303963303239666161323365366565386430356662303430373831
3438393461363231306633643930363535656632393537310a336565346234333733383563633431
37383363323934353232386362656439333737636135383765383333643330666235346166636362
6666623536653662360a336561663735646530376135396337396635336539643934386461646566
66333037613132326565306435383538353162383535396263356331336161316638643335336362
32323831626431316561653331383230663231656364386265393935646662356166633638376438
66326261326334346165373131353062613837393235613336393434383832333635633631663965
62386439643032336631353539323633336364336536383830653232613063376365316531666439
31363962623433396636646535656565333036623738653566613066373064303632373830366664
32653230343463383764363566633361303537336361383164376161336539313038656239633361
61313263666336653066363339373237366333356661363438313232323332316164643161656439
61346433633062383237316237383137353034313061646637663633313861663865306161303161
31643037633838613935396363333463636165646430323930356530333933633535303865376432
65383138323034386432626661306637396631356231343036366339636236333234343665663630
39643833363034393866366335373531306463303165396466336566313131356534346331333739
38653238643163663739663463623530356264323136623166303034653532306231363261366161
64333762343961346563653334363764636236636337363636386338313431363866323138323834
30323939366433383534623963383537663331613265363934386466393561323433313834626137
30316230623633336465323733653864346166313963303335313434353333306537663634653066
30343939636232316533303935643661363631383161393938653663386434643636393639393133
38623631353539616130313361643366306461636362643061663563383839373237636430626137
35333663363736353933336131613262393233353462613839663666633031393932373739613732
61363961316630393834336132313533313665346666386634626134616232643934323966313439
38376233346262373739376331653036366534353061303833626132393164653362366531323364
35626139353835313433373539333566636637393263353637383533306565336333333864656633
31666335316531633233346133643933306136633832333339303638636632326135616565393335
37316633363462323865393465383336376165336238626563613566363136383262346161663064
64653939373632633335343938663263303765353833363135663665373264313539333164373035
33383836623565346634393566363035666462373537333565626134333836343230306631626131
66633537343562636165343235383963363064653536393864363732636638646131316366623861
34333439613438386634653163656236666463326165333630323639613862333630316662366131
37663033316531643239313332653837343430336565333536316261303036363834663932663532
39376464653039393439663666633564383032323766353763323235633464303961306265353735
39613731343535363836663139356235386137356266396331663931366464363936663262376264
30393061623132653533356235616461313237613834313130366636663336326561306132366534
32663361663237666237366565393734643835346662623235346438613032613832373835633736
64656131666238613536616431376466313039363966636461663166363637333530653264326638
63366137303430323931656464613264343465353766366231363338316163343538366237306631
34663862623533313563356665353637393831326432633334363162623132306666613431363562
33616432393632663635343063633232393665386561626135363866636135323664376165613635
34646538373062383565343439326635333131393330353562333439396238303734656131643361
34626466636562623364333233333238663837333539653063636561373362373964323562616136
31616534333832346338313136326233373664366264333834633432646362653064316630313039
30646333376535316131383966613539373334393862613034336236363335383162616461303932
66303336646134393430396231363738326436396333303062616337613161656130666430633530
30313437656231343830616238323865366662316532363666633965633631303261383561333934
39393639376230353233346336383930333730396263396165643361376163633563343936633135
31643934313935373764323663373366373032616362383561376636396463313631326536363633
63363336393234306132663461343361373563663334366265366331326435303064613139653536
37646637653934653134346437323630626465663061626432336431306564313434393763356230
36303030366131653832326438356264366132333764363431646362366561373332356637343464
61336234363030363434626261373362373539386637353434376561376265383934333337343639
34613039373033353934663965616461663534363564376231623436316634313330393931363434
38323231313630303936376163333935636635656364633837363663353165336633643733376334
61323530643734323365303331346234356239353833336233633133613530623164383436643439
31346665613864303963356239383663306639373866623664396566373836343934343633363732
62323763363535633266633032643966626564396566323735333235626231343136356264376162
34333763363133393635633835643166363766356265663330633033343831663938356433366334
62363634636634343065313963366530653634303162623132316239326563663434633865656537
33346565363236616663383635366365333039653730653331343438383537613734383632343835
30353332316639386137333939633364663961303461393837663135373434343730643339663431
65636430373734623634636562326662323934353961343834613661613837623263343164383431
62653135373339383531373062633038616339333961366532666162303539356235303163653134
38616337343336373131633166653562643965636330316530616637633830623237366131363261
33636334373064326631323065626637616134646639326163653763613635316361373661376661
31653239383834373434383430656261396532356433333332613637363535303837373537626562
64323639656663633131313761666666636636373334623436336436626332623162613033316337
61373432666432613866383861666334353763353665633936643163323062363731323730303033
30633866616165663237303462396566663331616366326232326239623838346262623531636237
38313461323136656161336431623561633233643262373537663633363930653564663136333931
37393136393037383334383838313833653361373332663361346664363733636336316338326663
64343366633431626232653431633036656432666437353337366261626335313064386361383131
61623330373565383465333033393262376361613036373939336235303831653033386130363631
34373036636233623761303736353432656430353231656561623263396564313732643238303632
31376130383332316538656162373832326439356536656334616637656262303137663538353434
65313438666265393336616135383363373539333031306637383537356132653230646130326134
33633735326161656438646333323630376432383430373439386635333430346530633462386561
63376134393031326134666433313632353464323766393765613739363866663866323534623836
66396532346138663632336336383663353035346664356130353065353063386537323334633565
63613136353432303261626431663534376366333362646535623036613761303732646431643133
63353532653765366231313832656330646534303666623734383434313466613863343234363561
30363166373536643130316138666530623337333730393332343135653739653564663564313537
31383235326364373230656265373463396238656366363837363537336239636134373932633734
61346238616364336363343962353630323161363163306564336232643963613961303136306539
31393030646233613239666538323130316336396636386538303663646630333066373831326231
33376330346164333937396538333737326433613234323765656139336533323166303861643934
66376433353230386464373362363338323534623839616333643630376563623632613435663933
64373432313137306235303930316266373235386165396162663032343130663963666635653932
39363538323832366239653661653932386466323962636634666263633735326337356664376438
39653936663334336238393063623835613662306161663332643736303431323263636432633330
31653839386438616337343732306435313432653865656561656363353265616262303539616433
63333862326238623039356166363835343935383366363532656461366439633531383739323431
62623530393437663939373632613132333137646133653733366632356434303762636430653663
61383739663464623531346534363233343261313132313237616434613363303935336632313736
39633334656531616138653464643937643461656637323138326163356666323736636433336238
33336462363632663062633161393837623233323665333531613439326437393839613662303734
62613262613936663237623934393666656636613364633762663564626230383039626266303336
64356335633831653738396438393763396534656535366331313534633664373864396537333838
38323935373863343866313033626333376135373537643662393339363235356432663533363466
65353232636431333738616637313836383963623833303736323966653535363164396331666337
33666538373362316138306237383235643962663631303031383238346431366636653431646266
36386663633532393163306662373265386163626466396463353738613537613134346331313438
31396235316163313662633832353066623736383766366439383537353037643036373661313937
31613365376461323031333766323764313538333132343536326238376139353736393033643934
30303863346264393961663161356636643033623661303031373738626134616661393037306236
66313131373865393666396466363439373462653530346365353836643537333661323965353266
37393035643961383337333331613335393939396435663862626237323335636337633931326133
63636435356666306663306566383334313535396236623135613733613138316362626337346365
66346237373834386662636539663165366365643962616265363033633935633033353232383737
61383064323361313730393566393735636564626639383233323137656233346330616635303161
37303931393763393632613338343337633964363764353263393961623966373531613438393434
65383064373930663766646135613961623939663733636436366230373739323037306665643531
34656134633634643261616634323662333662366134373832386337643634653837366638666664
63383365663435306665663931383763646236653631623637653032653838393633376334623531
62343738316638656136623635323964383134333263393032313438633533373163393261643832
33666639643936353134646461356266343038326438663236363664333964653031613436363535
31633232663063636538663933303161643934633463653161323938373837343837666363633664
64626536323666316461343639633861353932363432373134666563373538353332636430363537
62626564396533643865303033633731303838356637633039616237386363613332646364383534
61656435643336393165313364303534653865316134616264363932353730613363633033666137
34333163353434346662643634393837366332666531396565353161356263373136663839643132
33613338396662643531303439643937646363626330353137353738633361653431363138646533
62636135343638363834653265396331306266616536636661623539636531376533303363373835
66303139333632626331623665356333336531376438636631343035636433366636663262326263
37376562643165653861353734643739636362383766313336633530336231653061366334396435
65633332363232326265306435636533386430323932613031303637303239653538626235376237
36326530653439323439336661643034393362643464393431656461383737666639623335656131
31346132303830613861356439393938333635616536353639303537353039666261306566363932
36626339353532376330383564306466626436323130663536623930663637666366373533353531
66306136646334396130383061343939383465643938303161383630353932623063613630663062
65393963626231656531383332653931393236653339353461623361353036313130643439393863
61316566373035316234306233396562626165636434323865616262316364623166663731383639
37326365633933373762663730366539666232326239323238393434636633383162343332653261
34373931653963636533346538353337653137653834666361666166353538333739343461623432
323632633334643530373939333737313061
