$ANSIBLE_VAULT;1.1;AES256
30656161646363356434646533323531363134626632343965326332613436623830316162656633
6561356133626135396437383663393631303032356231640a313538656339626237623564626131
37386633643563623730653862623561666564646465336562653565643262366166366330663534
3863336535353337350a383835303462383633383334346664373165613265343737353863656463
62303765643630613164623461316336303837313764353534313865316439363461303936633766
36316433623662373663656330313134633836366133303335656531356630616639343837303732
66333731396439356336613539313065313463343465333734623666623766393334363332303737
39616465396364636230383062303439313761313464613364386434383763306430646639323665
64613261373935633363393461383864393235326235623634666531656531373932313938343832
34353434393164656363666631663230336262366638633835646165666132303665613030393332
35636665663937643364383232663137346464383932613935643635366130383864363739363238
32633533353733363632336564316539383137393936656633303762363636383161643038316663
64396634613864623262373064336665386536653739303031323537363235653331366335656664
38363533353635336630326564323664663036333636613731356335373261306263663764306435
64636165396161333934366536303632666234656566393435346663353766313066366233356461
66393734363566666431376536653437356533383630353661613864653433656363353737663932
63653366653631616566333166633836303634653730636635356666626139656664613263333633
38626337623765323035326132313830623265353338393137626266393166343131303965613764
32663331356136353034353461376533376336663934316664626538303233633738663934633562
33343631663064666165616636356137343665626364366132656366396435643263653138646163
66313538363134613730616331653265663964376537343236376332343862366137613737383938
62656139303765313431323639646462636461613365373466623363333830626463326138633331
62323638643766333234633864363963643565626234386166333034613963353335346665326437
65353832636135343631306637376135303535376130363161666665626232313538393136613035
64356335336231393733383336646263643364373265343337373061353230386637333534376264
37616132353563653139653864643066666662343465333833303032613561316233633634656265
37333038376465663866353638383561646663633062366336373937356263646533393531326436
34646235333561376265346231646163396331643136313562653639323134383662616661653939
37666530393630346265346163663734636563313339303639313962343066633337656135656238
34323164623966333065613664343937336366643336643063323165323837363935623139303135
35306263363231356265646430373935653161623230383837666166383333326235373437646335
39346637623639316335666462303634656463373161616232653161353134393661316166373937
30373335633134356163613864633031383264316438303534656539303434346135393265353231
36333166666532656164333864323665643263646630383661653664363730333962616435383765
64326265396163333438353864393536366364306531373266353734653864353064396535353166
39363531383061353231613934366665363333343735363064626566323035373865343231386636
65366430636334663339633462333834643832356332323565313831356363653262306130653136
33616435363866623631386364323333343039623138393132323033353330643233663833376666
62356431336136643732653632633831313266396230323933323432613232633263323835383132
65383962656263386430653030373136346431336464343063323166663137396366316563316234
65643865323733653732376365353330663934356163353239376361343263623836633062363539
31363261343761396438323237643535663134643265396534646539326562356164616437316165
36393537396265636132633230343339376333363164343462623665383731616236383939393163
63303638343632633738633930326463613165386237373732313739656161613435313861646532
30326664653334353262353461366362363930373766356330616632313235363132383030623530
33343864633539336331653662316634306132623135333532623830343366363335383631306134
31366530313466633737316634636463363736656365376339316266396132376634663537346266
65666563663132653933323066643236373666366130333766666165383933656362656563333266
38613732613537643734363536646536356630306436613432393030393030376464393438303265
34376366636565646364633430383531323939396664383533333363393131653534656162383730
62333635333363373938366533303361376438313230663335386238393533643334366363376363
36643862323935613439653039663534393763316364326164303163363037633966663939623565
65613865623430353962383966653030303565643430623233623232386165313966333261623438
33373839653732366131346461646630633530383532366636376537326366653635353662323263
35373463646338386265376136376638633934656536383335616563663365356338373265336435
33326463643431383463653632666535343539396231346536323436343064623535383961316232
30613932346466623733613563626535333935366432646638633463653633326434626166623039
65623662613237303437636333646238623237303138613032363337623339613332353565376165
36306537623465373665306263313531356338613138666435616139626563663332356538376431
38303139336630623937373239393635313964626534313634393162663462356337656438346539
65326365633732653063386366363932386465613330333539373435303438643133326433373337
36616536363830333039613964383566333031663361353234373037303036303961613764316566
64336539653634343632396339643930313262666266376365323336343938613331383334326430
37623735333964393164336439303830613338363965393863633834633434643835643635303135
34363765623835383338646466616630623137646235396364666332373838393031656437343661
63376535333433616134613536393562356435396133313733653664356335313533636133633935
66373632336265633038646632323534643763636132393231663637343930646638326563366332
64653533383633613638386539376234373332373561653261363564363638326561333439653462
38613066643961633130663062613137663439333631316536663565353833623733346132383630
63363365316335636361643064383438636237343036616561303634626137643431316464623235
36653637356132636161363166623834653132333566346264356466393336613565373131383037
66313437373830623837616634643433373231363439393439613431626232646236623936663433
63663235326161313465393730656663636363376430626266646533616262386633633263396664
30343531366164393366396330613630333835646432663932336165306365643537313966393862
31363362336237336365366562646232336531306263633462316630663634316230336132656564
34373065353637653363363166626636303130366464386639383665333731333465386435353462
39656238373730386264363436313339316435396238656635613733396161643437333632306236
61663761363063653861336431393333303131656333623234386264633934366136333134303062
32613161363737336633313436373062646537336464353365386162646334326632393331346665
61626435663635643633396636313432363764323631313037363830363336663036323063663232
38363334333331353263356335306463616462356563336331313435653864316331636238613166
62373839626336353666303739353566356431323337336538633838343966393937386537666465
61313536613864636139333532623436346664316238343063633838643038333964366362326636
30343439343063326163366133623234663531396432653163636363656137656237376562653662
30313362343863643330323765333639383364666139323137346166313566326531323932656661
63633431383234623039393963393761303662333539313535363163636461373464393763633033
35396161303039303262623566353430303136393035363735663134633264356530313664363731
34306330363565366431656134626464323065643335303939623862323864643162626636643932
63353537663764306162376438376665386537386430353630663961633438346263363362366561
33373439313838373366363166623433616533356139393263316438666437626464306138343135
31646630343737653462653963616264396439333061383632386236616539313135343635323566
64363034616165393138323238376365666462646132643333663639363832313262373561623332
32313731663666316165663632306336623266313638353365663563663436363933633466393137
31613332356335613134626130363766633164353139663065383134383537333430656535373532
66383335393736396339643837383861313032623938656566313132393431373738333065653734
62356462396163633938373435636631343230303735306339633135306435383836353339343563
63643638333062613833303864346362643064303737333766656531366538333436633262623330
32353166333631376234363831616363633231636565326535363663643339306161363963313635
30323832363832396138363461303033643837616437646361343331653764323662616638613333
61353032353739333536366434323465623733323962636539656635323562383238336438633835
31376462313161636633363130306336633333303439376436343537613366646366336566633631
37336135343761303362333737633366396131656363623637383332636363646230653231356333
39633332383936653936653966616166393562366337613538306561336561343966363436303635
62323936643937663533386631356630313339353565656435643935393739663333346665363739
35633833323961636132363537373066393230613735386664303331636632376630393636663936
61393864643765363464613862363135323730623163616462343465366464386464306139653231
61343936356630656231306130323235343732636466643239663134663739363637356230666331
31396366323739633466356135366333323363626336616638636331666536383464656531363235
32323535616165356437373830343366623861303763326431336132616466363565653664316135
32376238363139663861366564383063633337366335386435623334383638623837366238613431
64316432326161353033343631626437303536643633633636336133323265303139616439313838
65303162646439633935363966323166313366656561356336663035383635353665316333383034
38353961373539313363623361613364626361396536396666623330346134373633393165626364
64373863626532393936323031326637373662313764313231373863616431386439306437353436
33663731333131643865363639373633373165666237613035393761636334336561336262663064
37633666643936656465326432653264316466366132356333363532356431623135376166623337
31396566633862656531343362373435633434316537663732623439376263326563316261663330
65306234306131613436626433373134363138366239633236356331333037356563366661303539
61643962643163663537623361346233613131333535653261343765313730353238303164313830
38363430393239393663653332666633336333623532343461363965333137663036316333626635
65333330366462656562336361636330376438306466366561633862393037346530666165343131
62383565353435666664396631366137396438386162326561396539383830383339643838616664
33633362366437386130393730336563623930663036303531343833663861393838616531366336
33393566633161396262363338636363333735366634343638393863303735636163616533383930
64383763353532326330303735393830393233363333653962666631393732346362336331656333
34616635333136626237376461313263323661646564366236653831316335623233393265346564
35313330333839616133323565326130646165376337666164333938373166366166373638636565
38613864343034653664326137613663323664366335353131653733646532333032343837373831
63336131333536323764636637636162646235636331366464366330303361316533626538343164
63353566616663303032373831396539303738343663313339393132383766393561623166663136
64306333326537613361376662383339633437356539343966313161306331663831323766363135
37636132353334383162383930393866363431643662636632616139303864643135396366396136
30306236383266303438343264366564396630633232333535653632343231643736633638653366
65636461343535623665383837363930313762323933623239356334633038656135623264393463
303134623232656538393337373933333033
